[LEFT_CAM_2K]
fx=1056.6
fy=1055.68
cx=1078.7
cy=637.654
k1=-0.0382953
k2=0.00717369
k3=-0.00400695
p1=-5.3068e-06
p2=7.2731e-05

[RIGHT_CAM_2K]
fx=1056.75
fy=1055.93
cx=1079.64
cy=628.279
k1=-0.0441354
k2=0.0126482
k3=-0.00553686
p1=0.000164542
p2=0.000504167

[LEFT_CAM_FHD]
fx=1056.6
fy=1055.68
cx=934.7
cy=556.654
k1=-0.0382953
k2=0.00717369
k3=-0.00400695
p1=-5.3068e-06
p2=7.2731e-05

[RIGHT_CAM_FHD]
fx=1056.75
fy=1055.93
cx=935.64
cy=547.279
k1=-0.0441354
k2=0.0126482
k3=-0.00553686
p1=0.000164542
p2=0.000504167

[LEFT_CAM_HD]
fx=528.3
fy=527.84
cx=625.85
cy=366.827
k1=-0.0382953
k2=0.00717369
k3=-0.00400695
p1=-5.3068e-06
p2=7.2731e-05

[RIGHT_CAM_HD]
fx=528.375
fy=527.965
cx=626.32
cy=362.1395
k1=-0.0441354
k2=0.0126482
k3=-0.00553686
p1=0.000164542
p2=0.000504167

[LEFT_CAM_VGA]
fx=264.15
fy=263.92
cx=328.425
cy=190.9135
k1=-0.0382953
k2=0.00717369
k3=-0.00400695
p1=-5.3068e-06
p2=7.2731e-05

[RIGHT_CAM_VGA]
fx=264.1875
fy=263.9825
cx=328.66
cy=188.56975
k1=-0.0441354
k2=0.0126482
k3=-0.00553686
p1=0.000164542
p2=0.000504167

[STEREO]
Baseline=119.834
TY=-0.0763717
TZ=-0.558677
CV_2K=-0.00549832
CV_FHD=-0.00549832
CV_HD=-0.00549832
CV_VGA=-0.00549832
RX_2K=0.000824748
RX_FHD=0.000824748
RX_HD=0.000824748
RX_VGA=0.000824748
RZ_2K=-0.000325305
RZ_FHD=-0.000325305
RZ_HD=-0.000325305
RZ_VGA=-0.000325305

